=== 基准校验 (阈值0.555, 无过滤) ===
方案                          笔数     胜率      PnL      
全部                          21111  60.0    +42375.0 
日均 22.3 笔 (窗口 945 天)

=== min_atrp × cooldown 网格 ===
atrp    cooldown  笔数      胜率      日均     PnL      
0.0005  1         21111   60.0    22.3   +42375.0 
0.0005  2         16678   59.5    17.6   +29720.0 
0.0005  3         14662   59.4    15.5   +25085.0 
0.0006  1         21011   60.0    22.2   +41995.0 
0.0006  2         16594   59.5    17.6   +29525.0 
0.0006  3         14592   59.3    15.4   +24855.0 
0.0008  1         20550   60.0    21.7   +40920.0 
0.0008  2         16223   59.5    17.2   +28630.0 
0.0008  3         14290   59.3    15.1   +24170.0 
0.001   1         19904   59.8    21.1   +37630.0 
0.001   2         15670   59.2    16.6   +26030.0 
0.001   3         13836   59.1    14.6   +22245.0 
0.0015  1         16228   59.6    17.2   +29675.0 
0.0015  2         13063   59.2    13.8   +21185.0 
0.0015  3         11401   59.1    12.1   +18320.0 
注: cooldown 比 min_atrp 杠杆更强 — 固定 atrp=0.0005, cd 1→3 日均 22.3→15.5 (-30%) vs 固定 cd=1, atrp 0.0005→0.0015 日均 22.3→17.2 (-23%)。

=== 时段贪心 (北京时间, 按小时胜率降序累加) ===
小时集合                  笔数      胜率      日均     
[10]                  1011    61.1    1.1    
[5, 10]               1802    61.5    1.9    
[0, 5, 10]            2716    61.7    2.9    
[0, 4, 5, 10]         3436    61.4    3.6    
[0, 2, 4, 5, 10]      4153    61.5    4.4    
[0, 2, 4, 5, 10, 20]  5705    61.6    6.0    
[0, 2, 4, 5, 10, 17, 20]6808    61.3    7.2    
[0, 1, 2, 4, 5, 10, 17, 20]7465    61.3    7.9    
[0, 1, 2, 4, 5, 8, 10, 17, 20]8305    61.1    8.8     ← 目标带
[0, 1, 2, 4, 5, 8, 10, 17, 20, 22]9510    60.8    10.1    ← 目标带
[0, 1, 2, 4, 5, 7, 8, 10, 17, 20, 22]10282   60.8    10.9    ← 目标带
[0, 1, 2, 3, 4, 5, 7, 8, 10, 17, 20, 22]10881   60.8    11.5    ← 目标带
[0, 1, 2, 3, 4, 5, 7, 8, 10, 14, 17, 20, 22]11752   60.7    12.4   
[0, 1, 2, 3, 4, 5, 7, 8, 10, 13, 14, 17, 20, 22]12459   60.7    13.2   
[0, 1, 2, 3, 4, 5, 7, 8, 9, 10, 13, 14, 17, 20, 22]13260   60.5    14.0   
[0, 1, 2, 3, 4, 5, 7, 8, 9, 10, 11, 13, 14, 17, 20, 22]13996   60.4    14.8   
[0, 1, 2, 3, 4, 5, 7, 8, 9, 10, 11, 12, 13, 14, 17, 20, 22]14676   60.4    15.5   
[0, 1, 2, 3, 4, 5, 7, 8, 9, 10, 11, 12, 13, 14, 17, 18, 20, 22]15729   60.3    16.6   
[0, 1, 2, 3, 4, 5, 6, 7, 8, 9, 10, 11, 12, 13, 14, 17, 18, 20, 22]16405   60.4    17.4   
[0, 1, 2, 3, 4, 5, 6, 7, 8, 9, 10, 11, 12, 13, 14, 17, 18, 19, 20, 22]17642   60.4    18.7   
[0, 1, 2, 3, 4, 5, 6, 7, 8, 9, 10, 11, 12, 13, 14, 15, 17, 18, 19, 20, 22]18466   60.2    19.5   
[0, 1, 2, 3, 4, 5, 6, 7, 8, 9, 10, 11, 12, 13, 14, 15, 17, 18, 19, 20, 21, 22]19616   60.1    20.8   
[0, 1, 2, 3, 4, 5, 6, 7, 8, 9, 10, 11, 12, 13, 14, 15, 17, 18, 19, 20, 21, 22, 23]20313   60.1    21.5   
[0, 1, 2, 3, 4, 5, 6, 7, 8, 9, 10, 11, 12, 13, 14, 15, 16, 17, 18, 19, 20, 21, 22, 23]21111   60.0    22.3   
注: 胜率曲线整体单调下降(61.7%→60.0%), 但存在两处局部回升: k=2→3 (61.5→61.7) 与 k=18→19 (60.3→60.4); 可能原因之一是 session_hours 过滤不占冷却位使重新模拟时冷却释放、高胜率小时新增少量信号, 新增小时自身高胜率也是因素之一。

=== 联合候选分半年×方向验证 ===

--- 时段[0, 1, 2, 4, 5, 8, 10, 17, 20]: 8305笔 61.1% 日均8.8 PnL+20885 ---
半年      方向    笔数    胜率      
2024H1  up    778   62.3    
2024H1  down  796   60.9    
2024H2  up    867   61.2    
2024H2  down  794   61.5    
2025H1  up    825   61.9    
2025H1  down  755   59.6    
2025H2  up    824   62.7    
2025H2  down  781   61.1    
2026H1  up    781   59.4    
2026H1  down  765   60.5    
2026H2  up    147   61.9    
2026H2  down  192   60.4    
注: 2026H2 为部分覆盖(数据截至 2026-08-03, 约 34 天, 339 笔), 半年稳定性结论各格样本量不均衡。

=== 分析结论 ===
时段[0, 1, 2, 4, 5, 8, 10, 17, 20]: ✓ 达标 胜率61.1% 日均8.8 各方向≥60%: down 5/6 up 5/6 崩坏格: []

推荐: 若存在达标组合, 取胜率最高者; 否则报告最接近目标带的组合及其差距。